生成 44×44 Hadamard 矩阵 (使用 Paley 构造)...
✓ 生成成功并验证通过!

======================================================================
将以下代码添加到 lib/utils/matmul_had.py:
======================================================================

def get_had44():
    return torch.FloatTensor([
        [ +1,  +1,  +1,  +1,  +1,  +1,  +1,  +1,  +1,  +1,  +1,  +1,  +1,  +1,  +1,  +1,  +1,  +1,  +1,  +1,  +1,  +1,  +1,  +1,  +1,  +1,  +1,  +1,  +1,  +1,  +1,  +1,  +1,  +1,  +1,  +1,  +1,  +1,  +1,  +1,  +1,  +1,  +1,  +1],
        [ +1,  -1,  -1,  +1,  +1,  -1,  +1,  -1,  +1,  +1,  -1,  -1,  -1,  +1,  -1,  -1,  -1,  -1,  -1,  +1,  +1,  +1,  -1,  +1,  -1,  -1,  -1,  +1,  +1,  +1,  +1,  +1,  -1,  +1,  +1,  +1,  -1,  -1,  +1,  -1,  +1,  -1,  -1,  +1],
        [ +1,  +1,  -1,  -1,  +1,  +1,  -1,  +1,  -1,  +1,  +1,  -1,  -1,  -1,  +1,  -1,  -1,  -1,  -1,  -1,  +1,  +1,  +1,  -1,  +1,  -1,  -1,  -1,  +1,  +1,  +1,  +1,  +1,  -1,  +1,  +1,  +1,  -1,  -1,  +1,  -1,  +1,  -1,  -1],
        [ +1,  -1,  +1,  -1,  -1,  +1,  +1,  -1,  +1,  -1,  +1,  +1,  -1,  -1,  -1,  +1,  -1,  -1,  -1,  -1,  -1,  +1,  +1,  +1,  -1,  +1,  -1,  -1,  -1,  +1,  +1,  +1,  +1,  +1,  -1,  +1,  +1,  +1,  -1,  -1,  +1,  -1,  +1,  -1],
        [ +1,  -1,  -1,  +1,  -1,  -1,  +1,  +1,  -1,  +1,  -1,  +1,  +1,  -1,  -1,  -1,  +1,  -1,  -1,  -1,  -1,  -1,  +1,  +1,  +1,  -1,  +1,  -1,  -1,  -1,  +1,  +1,  +1,  +1,  +1,  -1,  +1,  +1,  +1,  -1,  -1,  +1,  -1,  +1],
        [ +1,  +1,  -1,  -1,  +1,  -1,  -1,  +1,  +1,  -1,  +1,  -1,  +1,  +1,  -1,  -1,  -1,  +1,  -1,  -1,  -1,  -1,  -1,  +1,  +1,  +1,  -1,  +1,  -1,  -1,  -1,  +1,  +1,  +1,  +1,  +1,  -1,  +1,  +1,  +1,  -1,  -1,  +1,  -1],
        [ +1,  -1,  +1,  -1,  -1,  +1,  -1,  -1,  +1,  +1,  -1,  +1,  -1,  +1,  +1,  -1,  -1,  -1,  +1,  -1,  -1,  -1,  -1,  -1,  +1,  +1,  +1,  -1,  +1,  -1,  -1,  -1,  +1,  +1,  +1,  +1,  +1,  -1,  +1,  +1,  +1,  -1,  -1,  +1],
        [ +1,  +1,  -1,  +1,  -1,  -1,  +1,  -1,  -1,  +1,  +1,  -1,  +1,  -1,  +1,  +1,  -1,  -1,  -1,  +1,  -1,  -1,  -1,  -1,  -1,  +1,  +1,  +1,  -1,  +1,  -1,  -1,  -1,  +1,  +1,  +1,  +1,  +1,  -1,  +1,  +1,  +1,  -1,  -1],
        [ +1,  -1,  +1,  -1,  +1,  -1,  -1,  +1,  -1,  -1,  +1,  +1,  -1,  +1,  -1,  +1,  +1,  -1,  -1,  -1,  +1,  -1,  -1,  -1,  -1,  -1,  +1,  +1,  +1,  -1,  +1,  -1,  -1,  -1,  +1,  +1,  +1,  +1,  +1,  -1,  +1,  +1,  +1,  -1],
        [ +1,  -1,  -1,  +1,  -1,  +1,  -1,  -1,  +1,  -1,  -1,  +1,  +1,  -1,  +1,  -1,  +1,  +1,  -1,  -1,  -1,  +1,  -1,  -1,  -1,  -1,  -1,  +1,  +1,  +1,  -1,  +1,  -1,  -1,  -1,  +1,  +1,  +1,  +1,  +1,  -1,  +1,  +1,  +1],
        [ +1,  +1,  -1,  -1,  +1,  -1,  +1,  -1,  -1,  +1,  -1,  -1,  +1,  +1,  -1,  +1,  -1,  +1,  +1,  -1,  -1,  -1,  +1,  -1,  -1,  -1,  -1,  -1,  +1,  +1,  +1,  -1,  +1,  -1,  -1,  -1,  +1,  +1,  +1,  +1,  +1,  -1,  +1,  +1],
        [ +1,  +1,  +1,  -1,  -1,  +1,  -1,  +1,  -1,  -1,  +1,  -1,  -1,  +1,  +1,  -1,  +1,  -1,  +1,  +1,  -1,  -1,  -1,  +1,  -1,  -1,  -1,  -1,  -1,  +1,  +1,  +1,  -1,  +1,  -1,  -1,  -1,  +1,  +1,  +1,  +1,  +1,  -1,  +1],
        [ +1,  +1,  +1,  +1,  -1,  -1,  +1,  -1,  +1,  -1,  -1,  +1,  -1,  -1,  +1,  +1,  -1,  +1,  -1,  +1,  +1,  -1,  -1,  -1,  +1,  -1,  -1,  -1,  -1,  -1,  +1,  +1,  +1,  -1,  +1,  -1,  -1,  -1,  +1,  +1,  +1,  +1,  +1,  -1],
        [ +1,  -1,  +1,  +1,  +1,  -1,  -1,  +1,  -1,  +1,  -1,  -1,  +1,  -1,  -1,  +1,  +1,  -1,  +1,  -1,  +1,  +1,  -1,  -1,  -1,  +1,  -1,  -1,  -1,  -1,  -1,  +1,  +1,  +1,  -1,  +1,  -1,  -1,  -1,  +1,  +1,  +1,  +1,  +1],
        [ +1,  +1,  -1,  +1,  +1,  +1,  -1,  -1,  +1,  -1,  +1,  -1,  -1,  +1,  -1,  -1,  +1,  +1,  -1,  +1,  -1,  +1,  +1,  -1,  -1,  -1,  +1,  -1,  -1,  -1,  -1,  -1,  +1,  +1,  +1,  -1,  +1,  -1,  -1,  -1,  +1,  +1,  +1,  +1],
        [ +1,  +1,  +1,  -1,  +1,  +1,  +1,  -1,  -1,  +1,  -1,  +1,  -1,  -1,  +1,  -1,  -1,  +1,  +1,  -1,  +1,  -1,  +1,  +1,  -1,  -1,  -1,  +1,  -1,  -1,  -1,  -1,  -1,  +1,  +1,  +1,  -1,  +1,  -1,  -1,  -1,  +1,  +1,  +1],
        [ +1,  +1,  +1,  +1,  -1,  +1,  +1,  +1,  -1,  -1,  +1,  -1,  +1,  -1,  -1,  +1,  -1,  -1,  +1,  +1,  -1,  +1,  -1,  +1,  +1,  -1,  -1,  -1,  +1,  -1,  -1,  -1,  -1,  -1,  +1,  +1,  +1,  -1,  +1,  -1,  -1,  -1,  +1,  +1],
        [ +1,  +1,  +1,  +1,  +1,  -1,  +1,  +1,  +1,  -1,  -1,  +1,  -1,  +1,  -1,  -1,  +1,  -1,  -1,  +1,  +1,  -1,  +1,  -1,  +1,  +1,  -1,  -1,  -1,  +1,  -1,  -1,  -1,  -1,  -1,  +1,  +1,  +1,  -1,  +1,  -1,  -1,  -1,  +1],
        [ +1,  +1,  +1,  +1,  +1,  +1,  -1,  +1,  +1,  +1,  -1,  -1,  +1,  -1,  +1,  -1,  -1,  +1,  -1,  -1,  +1,  +1,  -1,  +1,  -1,  +1,  +1,  -1,  -1,  -1,  +1,  -1,  -1,  -1,  -1,  -1,  +1,  +1,  +1,  -1,  +1,  -1,  -1,  -1],
        [ +1,  -1,  +1,  +1,  +1,  +1,  +1,  -1,  +1,  +1,  +1,  -1,  -1,  +1,  -1,  +1,  -1,  -1,  +1,  -1,  -1,  +1,  +1,  -1,  +1,  -1,  +1,  +1,  -1,  -1,  -1,  +1,  -1,  -1,  -1,  -1,  -1,  +1,  +1,  +1,  -1,  +1,  -1,  -1],
        [ +1,  -1,  -1,  +1,  +1,  +1,  +1,  +1,  -1,  +1,  +1,  +1,  -1,  -1,  +1,  -1,  +1,  -1,  -1,  +1,  -1,  -1,  +1,  +1,  -1,  +1,  -1,  +1,  +1,  -1,  -1,  -1,  +1,  -1,  -1,  -1,  -1,  -1,  +1,  +1,  +1,  -1,  +1,  -1],
        [ +1,  -1,  -1,  -1,  +1,  +1,  +1,  +1,  +1,  -1,  +1,  +1,  +1,  -1,  -1,  +1,  -1,  +1,  -1,  -1,  +1,  -1,  -1,  +1,  +1,  -1,  +1,  -1,  +1,  +1,  -1,  -1,  -1,  +1,  -1,  -1,  -1,  -1,  -1,  +1,  +1,  +1,  -1,  +1],
        [ +1,  +1,  -1,  -1,  -1,  +1,  +1,  +1,  +1,  +1,  -1,  +1,  +1,  +1,  -1,  -1,  +1,  -1,  +1,  -1,  -1,  +1,  -1,  -1,  +1,  +1,  -1,  +1,  -1,  +1,  +1,  -1,  -1,  -1,  +1,  -1,  -1,  -1,  -1,  -1,  +1,  +1,  +1,  -1],
        [ +1,  -1,  +1,  -1,  -1,  -1,  +1,  +1,  +1,  +1,  +1,  -1,  +1,  +1,  +1,  -1,  -1,  +1,  -1,  +1,  -1,  -1,  +1,  -1,  -1,  +1,  +1,  -1,  +1,  -1,  +1,  +1,  -1,  -1,  -1,  +1,  -1,  -1,  -1,  -1,  -1,  +1,  +1,  +1],
        [ +1,  +1,  -1,  +1,  -1,  -1,  -1,  +1,  +1,  +1,  +1,  +1,  -1,  +1,  +1,  +1,  -1,  -1,  +1,  -1,  +1,  -1,  -1,  +1,  -1,  -1,  +1,  +1,  -1,  +1,  -1,  +1,  +1,  -1,  -1,  -1,  +1,  -1,  -1,  -1,  -1,  -1,  +1,  +1],
        [ +1,  +1,  +1,  -1,  +1,  -1,  -1,  -1,  +1,  +1,  +1,  +1,  +1,  -1,  +1,  +1,  +1,  -1,  -1,  +1,  -1,  +1,  -1,  -1,  +1,  -1,  -1,  +1,  +1,  -1,  +1,  -1,  +1,  +1,  -1,  -1,  -1,  +1,  -1,  -1,  -1,  -1,  -1,  +1],
        [ +1,  +1,  +1,  +1,  -1,  +1,  -1,  -1,  -1,  +1,  +1,  +1,  +1,  +1,  -1,  +1,  +1,  +1,  -1,  -1,  +1,  -1,  +1,  -1,  -1,  +1,  -1,  -1,  +1,  +1,  -1,  +1,  -1,  +1,  +1,  -1,  -1,  -1,  +1,  -1,  -1,  -1,  -1,  -1],
        [ +1,  -1,  +1,  +1,  +1,  -1,  +1,  -1,  -1,  -1,  +1,  +1,  +1,  +1,  +1,  -1,  +1,  +1,  +1,  -1,  -1,  +1,  -1,  +1,  -1,  -1,  +1,  -1,  -1,  +1,  +1,  -1,  +1,  -1,  +1,  +1,  -1,  -1,  -1,  +1,  -1,  -1,  -1,  -1],
        [ +1,  -1,  -1,  +1,  +1,  +1,  -1,  +1,  -1,  -1,  -1,  +1,  +1,  +1,  +1,  +1,  -1,  +1,  +1,  +1,  -1,  -1,  +1,  -1,  +1,  -1,  -1,  +1,  -1,  -1,  +1,  +1,  -1,  +1,  -1,  +1,  +1,  -1,  -1,  -1,  +1,  -1,  -1,  -1],
        [ +1,  -1,  -1,  -1,  +1,  +1,  +1,  -1,  +1,  -1,  -1,  -1,  +1,  +1,  +1,  +1,  +1,  -1,  +1,  +1,  +1,  -1,  -1,  +1,  -1,  +1,  -1,  -1,  +1,  -1,  -1,  +1,  +1,  -1,  +1,  -1,  +1,  +1,  -1,  -1,  -1,  +1,  -1,  -1],
        [ +1,  -1,  -1,  -1,  -1,  +1,  +1,  +1,  -1,  +1,  -1,  -1,  -1,  +1,  +1,  +1,  +1,  +1,  -1,  +1,  +1,  +1,  -1,  -1,  +1,  -1,  +1,  -1,  -1,  +1,  -1,  -1,  +1,  +1,  -1,  +1,  -1,  +1,  +1,  -1,  -1,  -1,  +1,  -1],
        [ +1,  -1,  -1,  -1,  -1,  -1,  +1,  +1,  +1,  -1,  +1,  -1,  -1,  -1,  +1,  +1,  +1,  +1,  +1,  -1,  +1,  +1,  +1,  -1,  -1,  +1,  -1,  +1,  -1,  -1,  +1,  -1,  -1,  +1,  +1,  -1,  +1,  -1,  +1,  +1,  -1,  -1,  -1,  +1],
        [ +1,  +1,  -1,  -1,  -1,  -1,  -1,  +1,  +1,  +1,  -1,  +1,  -1,  -1,  -1,  +1,  +1,  +1,  +1,  +1,  -1,  +1,  +1,  +1,  -1,  -1,  +1,  -1,  +1,  -1,  -1,  +1,  -1,  -1,  +1,  +1,  -1,  +1,  -1,  +1,  +1,  -1,  -1,  -1],
        [ +1,  -1,  +1,  -1,  -1,  -1,  -1,  -1,  +1,  +1,  +1,  -1,  +1,  -1,  -1,  -1,  +1,  +1,  +1,  +1,  +1,  -1,  +1,  +1,  +1,  -1,  -1,  +1,  -1,  +1,  -1,  -1,  +1,  -1,  -1,  +1,  +1,  -1,  +1,  -1,  +1,  +1,  -1,  -1],
        [ +1,  -1,  -1,  +1,  -1,  -1,  -1,  -1,  -1,  +1,  +1,  +1,  -1,  +1,  -1,  -1,  -1,  +1,  +1,  +1,  +1,  +1,  -1,  +1,  +1,  +1,  -1,  -1,  +1,  -1,  +1,  -1,  -1,  +1,  -1,  -1,  +1,  +1,  -1,  +1,  -1,  +1,  +1,  -1],
        [ +1,  -1,  -1,  -1,  +1,  -1,  -1,  -1,  -1,  -1,  +1,  +1,  +1,  -1,  +1,  -1,  -1,  -1,  +1,  +1,  +1,  +1,  +1,  -1,  +1,  +1,  +1,  -1,  -1,  +1,  -1,  +1,  -1,  -1,  +1,  -1,  -1,  +1,  +1,  -1,  +1,  -1,  +1,  +1],
        [ +1,  +1,  -1,  -1,  -1,  +1,  -1,  -1,  -1,  -1,  -1,  +1,  +1,  +1,  -1,  +1,  -1,  -1,  -1,  +1,  +1,  +1,  +1,  +1,  -1,  +1,  +1,  +1,  -1,  -1,  +1,  -1,  +1,  -1,  -1,  +1,  -1,  -1,  +1,  +1,  -1,  +1,  -1,  +1],
        [ +1,  +1,  +1,  -1,  -1,  -1,  +1,  -1,  -1,  -1,  -1,  -1,  +1,  +1,  +1,  -1,  +1,  -1,  -1,  -1,  +1,  +1,  +1,  +1,  +1,  -1,  +1,  +1,  +1,  -1,  -1,  +1,  -1,  +1,  -1,  -1,  +1,  -1,  -1,  +1,  +1,  -1,  +1,  -1],
        [ +1,  -1,  +1,  +1,  -1,  -1,  -1,  +1,  -1,  -1,  -1,  -1,  -1,  +1,  +1,  +1,  -1,  +1,  -1,  -1,  -1,  +1,  +1,  +1,  +1,  +1,  -1,  +1,  +1,  +1,  -1,  -1,  +1,  -1,  +1,  -1,  -1,  +1,  -1,  -1,  +1,  +1,  -1,  +1],
        [ +1,  +1,  -1,  +1,  +1,  -1,  -1,  -1,  +1,  -1,  -1,  -1,  -1,  -1,  +1,  +1,  +1,  -1,  +1,  -1,  -1,  -1,  +1,  +1,  +1,  +1,  +1,  -1,  +1,  +1,  +1,  -1,  -1,  +1,  -1,  +1,  -1,  -1,  +1,  -1,  -1,  +1,  +1,  -1],
        [ +1,  -1,  +1,  -1,  +1,  +1,  -1,  -1,  -1,  +1,  -1,  -1,  -1,  -1,  -1,  +1,  +1,  +1,  -1,  +1,  -1,  -1,  -1,  +1,  +1,  +1,  +1,  +1,  -1,  +1,  +1,  +1,  -1,  -1,  +1,  -1,  +1,  -1,  -1,  +1,  -1,  -1,  +1,  +1],
        [ +1,  +1,  -1,  +1,  -1,  +1,  +1,  -1,  -1,  -1,  +1,  -1,  -1,  -1,  -1,  -1,  +1,  +1,  +1,  -1,  +1,  -1,  -1,  -1,  +1,  +1,  +1,  +1,  +1,  -1,  +1,  +1,  +1,  -1,  -1,  +1,  -1,  +1,  -1,  -1,  +1,  -1,  -1,  +1],
        [ +1,  +1,  +1,  -1,  +1,  -1,  +1,  +1,  -1,  -1,  -1,  +1,  -1,  -1,  -1,  -1,  -1,  +1,  +1,  +1,  -1,  +1,  -1,  -1,  -1,  +1,  +1,  +1,  +1,  +1,  -1,  +1,  +1,  +1,  -1,  -1,  +1,  -1,  +1,  -1,  -1,  +1,  -1,  -1],
        [ +1,  -1,  +1,  +1,  -1,  +1,  -1,  +1,  +1,  -1,  -1,  -1,  +1,  -1,  -1,  -1,  -1,  -1,  +1,  +1,  +1,  -1,  +1,  -1,  -1,  -1,  +1,  +1,  +1,  +1,  +1,  -1,  +1,  +1,  +1,  -1,  -1,  +1,  -1,  +1,  -1,  -1,  +1,  -1]
    ])

======================================================================

矩阵已保存到: had44.pt

======================================================================
在 get_hadK() 函数中添加 (在 'elif n % 52 == 0:' 之前):
======================================================================
    elif n % 44 == 0:
        assert (is_pow2(n // 44))
        K = 44
        hadK = get_had44().T if transpose else get_had44()
